10.400000  192.600000  -9.409902  22.077548  0.962374
100.100000  349.900000  -7.910747  20.736287  0.980113
100.200000  224.100000  -10.311684  24.877437  12.315350
100.500000  330.200000  -7.908246  18.726863  1.162017
100.600000  87.700000  -7.907783  20.629471  0.828291
100.700000  175.300000  -7.907383  17.556692  0.912843
100.800000  124.300000  -7.906713  20.764893  1.051064
100.800000  83.800000  -7.906840  19.661340  0.874958
100.800000  87.400000  -7.907055  18.632250  1.123273
100.900000  99.200000  -7.906640  20.209465  1.115999
101.000000  141.700000  -7.905973  21.184938  0.872826
101.000000  267.800000  -12.424269  30.361542  5.306925
101.000000  296.300000  -7.906152  20.386452  1.072660
101.300000  134.000000  -7.904868  21.088391  1.072271
101.300000  272.900000  -7.904706  21.058993  0.938581
101.300000  34.200000  -7.904838  18.364532  1.074369
101.500000  240.800000  -7.903977  19.939847  1.094489
101.700000  121.100000  -7.902966  20.489310  0.882964
101.700000  282.400000  -9.767147  24.805916  8.728465
101.800000  205.800000  -7.902752  18.673105  1.060268
101.800000  344.500000  -7.902617  20.101417  0.880734
102.200000  290.700000  -7.901049  19.450030  0.919088
102.300000  41.300000  -7.900591  20.478383  1.008550
102.500000  204.900000  -7.900052  20.451662  1.051348
102.700000  257.200000  -7.899315  21.508631  1.058597
102.800000  238.700000  -7.899057  20.413538  0.805328
102.900000  115.200000  -7.898838  19.905563  1.002296
102.900000  286.000000  -7.898843  18.734955  1.058769
103.200000  291.000000  -7.898194  19.898400  1.131970
103.200000  67.700000  -7.897985  20.595218  1.073033
103.400000  345.900000  -7.897605  18.542814  1.103527
103.700000  116.600000  -7.897061  19.122751  1.243586
103.800000  336.800000  -7.896756  19.889144  0.922793
103.900000  111.200000  -7.896568  19.347214  1.002579
103.900000  219.800000  -7.896616  19.698507  1.034591
104.000000  245.900000  -7.896466  20.266631  1.056118
104.000000  86.500000  -7.896474  22.003325  1.047980
104.100000  54.200000  -7.896337  19.895321  0.956159
104.200000  301.100000  -7.896110  19.362413  0.988110
104.300000  146.800000  -7.896080  20.180057  1.032550
104.600000  196.000000  -7.895715  17.645200  0.999261
104.600000  232.300000  -7.895687  19.271514  1.099785
104.600000  30.000000  -7.895730  17.839489  0.857805
104.600000  4.800000  -7.895746  19.782295  0.902922
104.900000  216.000000  -7.895488  20.903558  0.899667
104.900000  95.200000  -7.895488  18.893464  1.163718
105.000000  359.400000  -7.895474  19.624090  1.098378
105.200000  283.200000  -7.895411  20.315683  0.962031
105.200000  285.100000  -7.895419  20.082935  1.024437
105.400000  3.300000  -7.895412  18.857887  0.824463
105.600000  189.700000  -7.895458  18.637178  1.231520
105.700000  14.300000  -7.895515  19.926101  1.089236
105.700000  206.800000  -7.895538  19.523010  1.066350
105.800000  179.200000  -7.895587  21.024223  0.903151
105.800000  99.100000  -7.895559  20.245552  1.015317
106.000000  103.400000  -7.895752  20.446303  1.081385
106.000000  273.300000  -7.028738  19.778091  10.684557
106.200000  332.700000  -7.895994  18.772838  1.046841
106.300000  248.200000  -10.555024  25.644723  10.479383
106.400000  209.900000  -7.896225  21.035501  0.950052
106.600000  146.400000  -7.896471  20.343644  1.034064
106.600000  272.500000  -7.896563  18.961336  1.089031
106.700000  27.900000  -7.896703  20.752396  1.016018
106.800000  71.600000  -7.896914  21.417481  0.950293
107.000000  220.900000  -7.897314  20.337823  1.018760
107.200000  283.800000  -7.897949  19.987310  0.944349
107.300000  7.400000  -7.898077  19.801424  1.169744
107.900000  329.400000  -7.900220  20.105556  0.914761
108.000000  200.500000  -7.900506  20.084776  1.018886
108.100000  1.600000  -7.900830  19.355500  0.938225
108.100000  158.700000  -6.884191  16.854353  16.706584
108.100000  179.800000  -7.900766  21.505568  1.128771
108.100000  204.000000  -7.900752  18.757091  1.077894
108.100000  63.000000  -7.900837  21.589714  0.955104
108.300000  92.200000  -7.899353  18.660057  14.883544
108.600000  125.900000  -9.148503  23.773997  10.232257
108.600000  352.800000  -7.903163  21.744021  1.059878
108.800000  355.300000  -7.904172  20.363165  0.939359
108.900000  169.000000  -7.904562  19.109334  0.869017
108.900000  294.600000  -7.904478  20.831259  0.828532
109.000000  302.700000  -7.905075  19.936713  0.987952
109.100000  356.100000  -7.905887  19.168844  1.028623
109.200000  96.300000  -7.906090  21.160155  0.970685
109.300000  273.200000  -7.907006  17.151611  1.135550
109.300000  331.900000  -7.906628  21.730496  0.958499
109.400000  222.200000  -7.907427  17.141311  0.810756
109.700000  151.000000  -7.909691  19.713962  1.005697
11.100000  239.600000  -9.411329  19.794485  0.824077
11.300000  43.800000  -9.411585  19.201616  0.961100
11.500000  108.100000  -9.411962  22.929522  0.966053
11.600000  273.600000  -9.412286  18.992228  0.981500
11.900000  303.000000  -7.609251  15.313081  17.744416
110.000000  33.800000  -7.911163  19.811699  0.822692
110.100000  343.200000  -7.912388  21.172873  1.162730
110.300000  191.500000  -7.913452  19.299472  0.844377
110.600000  336.100000  -7.916208  19.253738  1.045731
110.900000  24.500000  -7.918200  19.422119  0.938699
111.000000  122.000000  -7.919733  19.641109  1.054308
111.000000  89.500000  -8.387217  19.982400  10.704900
111.200000  195.200000  -7.921260  21.821884  1.011602
111.400000  328.700000  -7.923417  19.446318  1.059013
111.500000  119.100000  -7.924178  18.570604  1.007575
111.700000  175.700000  -7.926460  19.754058  0.951751
111.700000  257.800000  -7.926578  20.557715  0.875489
111.800000  144.600000  -7.926666  18.457307  0.970615
111.900000  135.200000  -7.928005  20.990044  1.090678
111.900000  188.700000  -7.927898  18.281467  0.784988
112.000000  125.400000  -7.929204  18.339249  0.992921
112.000000  213.500000  -7.928917  20.726332  1.011482
112.300000  111.500000  -7.932667  20.135846  1.034600
112.300000  124.700000  -7.932016  19.959286  0.931921
112.600000  174.000000  -7.935905  18.739049  0.956816
112.700000  238.200000  -7.936890  19.613562  0.842199
112.700000  317.500000  -7.937630  20.576307  0.925765
112.700000  52.200000  -7.937136  18.827383  1.246284
112.800000  162.700000  -7.938390  21.010801  1.009624
112.800000  235.300000  -7.938217  19.871725  0.970476
112.900000  140.400000  -7.940268  19.658975  1.021043
113.000000  2.800000  -7.940541  18.401153  0.969000
113.200000  305.200000  -7.943781  19.843348  1.186765
113.200000  89.600000  -7.943843  20.141473  1.003426
113.300000  63.900000  -7.945401  20.877522  0.725646
113.300000  76.100000  -7.945130  19.682021  0.971128
113.600000  260.600000  -7.948515  19.215186  0.977750
113.700000  20.000000  -7.950624  19.622616  0.987537
113.900000  19.800000  -7.953257  19.129633  0.868512
113.900000  27.200000  -7.953527  20.439283  1.006887
113.900000  322.100000  -7.952892  21.807396  1.028712
113.900000  4.300000  -7.952940  19.936064  0.997218
113.900000  58.100000  -7.953433  20.562655  1.010027
114.000000  198.000000  -7.953782  20.305465  0.910646
114.000000  204.900000  -7.955142  20.220644  1.004781
114.200000  177.300000  -7.957771  20.246608  0.719312
114.300000  248.400000  -7.958201  21.953217  0.817249
114.300000  280.100000  -7.958964  19.835994  0.998299
114.300000  69.600000  -7.958669  20.856477  1.112290
114.400000  104.500000  -7.960055  18.924814  1.059614
114.400000  307.000000  -7.960303  20.569377  1.046971
114.600000  278.200000  -7.962969  18.979632  1.046703
114.700000  245.700000  -7.964844  19.641633  1.014231
114.700000  67.000000  -7.964464  20.742739  0.999098
114.800000  31.400000  -7.212288  16.935104  17.378370
115.200000  302.100000  -7.972606  19.923491  0.951817
115.300000  264.700000  -7.974855  19.227186  0.868949
115.400000  199.700000  -7.977073  18.284856  1.074195
116.000000  42.200000  -7.988347  20.066359  0.786385
116.400000  82.000000  -7.994085  19.035648  0.930912
116.700000  239.700000  -8.000054  19.402461  0.911813
116.800000  153.400000  -8.003668  20.082103  1.115916
116.800000  350.300000  -8.003237  18.430261  0.999510
116.900000  314.200000  -4.389680  13.291928  18.314296
117.100000  124.400000  -8.008867  20.747742  1.110641
117.100000  238.400000  -8.620374  21.343302  13.979478
117.300000  328.500000  -8.012303  19.704559  1.099099
118.000000  160.600000  -8.029350  20.512718  1.256334
118.000000  335.900000  -10.401850  22.564165  7.355172
118.200000  105.600000  -8.033383  18.545480  0.947437
118.700000  107.100000  -8.045000  19.770959  1.003186
118.800000  274.100000  -8.047366  19.482106  0.904783
118.900000  166.300000  -8.049015  20.187701  0.983935
119.300000  136.400000  -8.059804  19.423019  1.006461
119.400000  16.600000  -8.062474  20.400442  1.091660
119.500000  133.700000  -8.412537  21.463755  14.115327
119.500000  347.700000  -8.063495  21.437738  0.957819
119.500000  82.400000  -8.063777  17.312819  1.027941
119.800000  146.700000  -8.072380  20.052084  1.025369
119.800000  156.100000  -4.614533  12.888285  18.168173
119.800000  234.400000  -8.073586  20.112622  1.001126
119.900000  127.700000  -8.075014  19.341450  1.015653
119.900000  152.400000  -8.075237  18.365886  0.960272
12.200000  145.500000  -9.413233  22.010455  0.981633
12.300000  117.100000  -9.413455  20.265725  1.005080
12.300000  184.100000  -9.413362  20.191811  0.917324
12.300000  287.000000  -9.413382  21.584805  1.044105
12.700000  51.200000  -9.414053  18.326802  1.015021
120.000000  66.000000  -5.234152  14.098678  19.548397
120.200000  352.400000  -8.083390  20.721786  1.100141
120.200000  9.700000  -8.083743  20.981739  0.793540
120.700000  19.100000  -8.095636  20.869123  0.978272
120.700000  320.500000  -8.096857  19.186828  1.129754
120.800000  93.500000  -8.099484  20.147904  0.968832
121.000000  116.300000  -8.104845  19.747625  0.795579
121.000000  239.600000  -8.106433  19.134215  1.037807
121.100000  329.100000  -8.107939  19.003998  1.076309
121.200000  118.300000  -8.110433  18.690233  1.093805
121.300000  102.400000  -8.112402  19.679160  1.113404
121.400000  227.300000  -8.117047  20.625662  1.014892
121.600000  220.400000  -8.122063  21.432044  1.042374
121.700000  196.700000  -8.126993  18.572348  0.841929
121.700000  45.100000  -8.125455  19.494250  1.240970
121.800000  61.000000  -8.127672  19.375260  0.945193
122.100000  102.700000  -8.137977  20.899575  0.982370
122.200000  127.300000  -8.140766  19.269767  1.024168
122.300000  319.700000  -8.143335  20.948616  0.851988
122.300000  324.300000  -10.763997  27.021771  8.205961
122.400000  130.900000  -8.147823  19.519423  0.991023
122.400000  332.300000  -8.147347  19.426127  0.983507
122.800000  351.800000  -8.158348  21.394672  0.877617
122.900000  140.100000  -8.862203  21.813479  9.606318
122.900000  183.900000  -8.161430  20.997615  1.054899
123.100000  95.700000  -8.168771  19.222966  0.900124
123.200000  312.100000  -8.171452  19.764448  0.976494
123.300000  124.600000  -8.176862  21.327206  0.931640
123.500000  287.900000  -8.183872  18.701947  1.136641
123.600000  149.200000  -8.185565  19.126112  0.928375
123.700000  203.000000  -8.187320  18.990535  0.872933
123.800000  42.400000  -8.193384  17.570602  0.864401
124.000000  339.200000  -8.197454  20.496602  0.876868
124.300000  23.700000  -8.210505  18.700263  1.061014
124.600000  191.900000  -8.218319  20.417243  0.957461
124.800000  215.700000  -8.227034  20.403501  0.929744
125.100000  299.400000  -8.237825  21.281977  0.890404
125.200000  221.700000  -8.240241  18.793252  1.020932
125.300000  86.500000  -8.245060  19.710917  0.990047
125.500000  116.000000  -8.253411  18.875991  0.944039
125.700000  273.300000  -8.257904  20.747372  0.891683
125.700000  33.300000  -8.258811  21.232615  0.892252
125.900000  224.000000  -8.266802  17.966771  0.908785
126.000000  320.500000  -8.271657  19.858632  0.827256
126.000000  335.800000  -8.272370  20.349501  1.150434
126.100000  171.400000  -8.275311  21.739253  0.920168
126.900000  97.500000  -8.306139  19.832031  1.043661
127.100000  128.300000  -8.313819  19.566572  0.812483
127.100000  78.300000  -8.313111  19.126150  1.017134
127.200000  64.900000  -8.317668  18.721145  1.104730
127.400000  144.900000  -8.325064  20.203916  0.966982
127.600000  71.700000  -8.331818  19.286306  1.005060
127.700000  311.000000  -8.338255  18.689546  0.827885
127.800000  301.600000  -8.340098  20.247173  0.997275
127.800000  50.800000  -8.339916  19.393914  0.950476
128.000000  182.200000  -8.349892  19.437476  0.947239
128.000000  276.800000  -8.347963  18.615002  1.019136
128.000000  69.000000  -8.347315  19.205107  1.090956
128.100000  11.100000  -8.354190  20.457708  0.945668
128.100000  210.500000  -11.956656  25.765412  9.080571
128.200000  339.700000  -8.356271  18.570569  1.057697
128.300000  270.800000  -8.362473  21.608156  0.941047
128.300000  290.300000  -8.359320  19.293603  1.104837
128.600000  185.600000  -8.370976  22.362120  0.968863
128.600000  271.300000  -9.224771  21.248600  19.192423
128.700000  71.600000  -8.375590  19.078787  1.171707
128.800000  24.400000  -8.381356  18.961969  0.823549
128.800000  341.500000  -7.989835  20.333410  12.936451
129.600000  147.300000  -8.415005  20.046642  0.837295
129.600000  303.100000  -8.416554  18.915594  0.957885
129.800000  177.300000  -8.424509  20.874886  1.075730
129.900000  321.600000  -8.428571  20.924480  0.979608
13.300000  158.900000  -9.414855  20.223604  1.059261
13.400000  312.800000  -9.855141  20.676865  10.327000
13.500000  22.900000  -9.415039  19.156809  0.964736
13.600000  300.700000  -9.415166  19.553331  1.162677
13.700000  216.400000  -9.415225  20.345786  0.915190
13.900000  342.700000  -9.415450  18.448413  0.982932
130.200000  170.400000  -8.439023  18.722673  1.054965
130.500000  297.700000  -8.451596  18.752506  0.901565
130.600000  198.400000  -8.456460  18.458118  1.035702
130.600000  220.100000  -8.456534  21.198517  0.955616
130.700000  222.000000  -8.462369  20.540147  0.859111
130.800000  187.400000  -8.464686  18.867722  1.124850
130.900000  180.900000  -11.400925  25.139762  8.402720
131.300000  205.900000  -8.487721  20.446636  0.858989
131.500000  114.700000  -6.904510  15.862360  17.362767
131.500000  60.100000  -8.498306  20.674246  0.915105
132.000000  202.400000  -8.517884  22.555399  0.919602
132.000000  292.700000  -8.519722  21.092509  1.143192
132.100000  183.700000  -6.430934  14.466788  13.120677
132.200000  346.900000  -8.525834  20.337346  1.061947
132.500000  57.700000  -8.541177  20.399000  0.843836
132.800000  72.600000  -8.555241  18.368988  1.085541
132.900000  12.200000  -8.560503  18.303824  1.149618
132.900000  33.900000  -8.557675  20.000001  0.998738
133.000000  244.200000  -8.564423  20.231950  1.157906
133.000000  274.300000  -8.563467  20.396843  0.859540
133.100000  131.200000  -8.569581  20.788243  1.080883
133.300000  105.300000  -8.578060  19.805987  0.937364
133.400000  125.300000  -8.584009  21.194579  0.819125
133.600000  169.300000  -8.592684  19.618173  0.974436
133.600000  294.700000  -8.590654  20.775479  0.987924
133.700000  96.500000  -8.593762  21.922593  0.981860
133.800000  190.000000  -8.601967  21.781427  1.007647
134.000000  221.900000  -8.608638  19.207155  0.848128
134.200000  35.600000  -8.617311  19.034043  1.087025
134.300000  274.200000  -8.624723  18.411394  0.778376
134.300000  37.800000  -9.195432  20.627935  12.909582
134.700000  168.100000  -8.643984  21.795320  0.993470
135.000000  307.100000  -8.657959  22.351797  0.895027
135.100000  314.700000  -8.662754  20.355297  1.135899
135.200000  253.400000  -8.663066  19.566880  1.032704
135.200000  297.500000  -8.663729  19.031842  1.088931
135.200000  59.900000  -8.667037  22.448693  1.067793
135.400000  208.500000  -9.338146  21.418372  16.655822
135.800000  277.700000  -9.040952  20.096438  15.844783
136.000000  127.300000  -8.145642  20.382795  14.342406
136.000000  186.100000  -8.700813  21.061791  1.001703
136.000000  99.600000  -7.881810  19.775793  12.905023
136.400000  59.300000  -8.718955  19.894552  0.994900
136.800000  352.000000  -8.739208  20.251653  0.965986
136.900000  153.700000  -8.743100  18.933984  0.973283
137.100000  5.200000  -8.752947  19.781036  0.941029
137.200000  159.700000  -8.757057  19.274339  0.994666
137.800000  200.400000  -8.784436  21.516469  0.962050
138.400000  192.900000  -8.815881  20.816742  1.126235
138.400000  199.800000  -8.813271  20.738972  0.979424
138.600000  258.400000  -8.822884  19.219397  1.103983
139.200000  317.800000  -8.849496  21.246775  1.019341
139.200000  357.200000  -8.849587  19.616432  0.972891
139.400000  42.000000  -8.861199  20.160200  0.958304
139.600000  213.200000  -9.909517  26.242719  10.945155
139.900000  272.600000  -8.883669  20.025988  0.759231
14.000000  253.500000  -9.415594  20.310131  0.955650
14.200000  350.000000  -9.415739  20.517846  0.860729
14.300000  209.400000  -6.564944  16.027494  13.790671
14.300000  347.800000  -9.415801  20.769082  1.292448
14.500000  311.000000  -9.415937  19.580572  0.942397
140.300000  62.000000  -8.901035  20.865782  1.011268
140.400000  270.500000  -8.907344  19.990265  0.893770
140.600000  141.600000  -8.914755  19.493181  1.122743
141.000000  159.500000  -8.933518  22.661683  0.874853
141.000000  269.300000  -8.933532  19.128392  0.966586
141.300000  139.300000  -8.949620  20.304047  0.973800
141.300000  29.500000  -8.945893  19.446976  1.058160
142.100000  44.300000  -10.325225  21.294954  12.107738
142.400000  115.900000  -8.997049  20.640500  1.021786
142.500000  99.700000  -9.002372  19.686559  0.907883
142.700000  193.600000  -9.012207  18.725742  1.129654
142.900000  338.000000  -10.034367  23.491129  9.412524
143.200000  69.500000  -9.032777  19.844859  0.978195
143.500000  228.800000  -9.048319  19.356314  1.115540
143.600000  49.100000  -11.558972  27.501196  8.451086
143.700000  157.200000  -9.054591  20.939790  1.048925
143.900000  17.700000  -9.065480  20.960570  1.011494
144.200000  121.700000  -9.078857  22.693348  0.885659
144.200000  288.100000  -9.076084  21.287074  0.935066
144.600000  3.500000  -9.093001  20.797025  0.848519
144.900000  133.500000  -9.105224  20.885273  0.899815
144.900000  44.300000  -9.223445  19.093182  10.886403
145.000000  207.800000  -10.000416  22.907408  9.770431
145.200000  260.300000  -9.120452  20.592528  0.834822
145.300000  86.500000  -9.123588  20.462943  0.923017
145.900000  224.000000  -9.146705  21.201056  1.045207
145.900000  83.700000  -9.147476  19.003089  1.166457
146.100000  351.900000  -9.156286  20.025399  1.221826
146.800000  212.000000  -9.186617  19.220242  1.239438
146.800000  271.200000  -9.185099  19.571568  1.048431
147.100000  182.100000  -9.199013  18.750100  1.029197
147.100000  265.500000  -9.198910  21.432874  1.047713
147.200000  155.600000  -9.199167  22.128452  0.976124
147.200000  63.200000  -9.202559  18.803681  1.121431
147.500000  219.300000  -9.212787  21.131601  0.973084
147.500000  310.500000  -9.214373  19.174377  0.999184
147.700000  166.600000  -9.218943  19.655697  0.869769
147.900000  271.200000  -9.229669  20.474106  1.103234
147.900000  278.000000  -9.228015  19.939707  0.974006
148.200000  24.800000  -9.241699  18.355867  1.109779
148.500000  166.200000  -9.250462  18.816993  1.033530
148.600000  346.100000  -9.256612  20.447751  0.891428
149.000000  113.800000  -9.270554  19.395335  0.909708
149.200000  164.500000  -9.276176  19.077406  0.837852
149.400000  49.200000  -9.284518  20.372531  1.103026
149.600000  246.400000  -9.294187  18.474554  1.149318
149.700000  315.400000  -9.295041  19.573919  1.022569
15.000000  353.500000  -9.416216  21.412862  0.974110
15.000000  62.400000  -11.298159  24.381955  10.762745
15.100000  64.200000  -7.782358  19.094218  20.393378
15.200000  286.100000  -9.416272  21.580542  1.039245
15.200000  313.000000  -11.034039  22.408980  7.707956
15.400000  322.100000  -9.416299  20.247950  0.998047
15.900000  208.000000  -9.416279  18.853081  0.957685
150.200000  115.600000  -9.313822  21.209461  0.961406
150.300000  52.800000  -9.318204  19.446541  0.957233
151.100000  67.600000  -9.344673  20.376435  1.048999
151.300000  166.800000  -9.351493  19.724227  1.114747
151.400000  100.800000  -9.355623  20.297974  0.920878
151.900000  173.700000  -9.373304  21.321613  0.987006
152.000000  268.600000  -9.376542  21.493057  0.867030
152.700000  117.300000  -9.398403  20.860856  0.964043
152.700000  159.400000  -9.396709  19.612014  1.069392
152.800000  160.600000  -9.400333  20.142468  0.796772
152.800000  173.600000  -9.399503  22.479274  1.009065
153.000000  27.900000  -9.407917  19.437542  0.930810
153.200000  167.700000  -10.690993  22.870232  10.700826
153.300000  74.600000  -9.415152  18.774211  1.044724
153.700000  258.800000  -9.427808  19.378617  1.069115
153.800000  170.400000  -9.432232  19.958141  0.802223
153.800000  53.700000  -9.431461  21.487255  0.835671
153.900000  240.600000  -9.432978  17.689766  1.050767
155.400000  76.900000  -9.478031  21.354889  0.941289
155.500000  272.400000  -9.478633  19.405310  0.918441
155.600000  178.800000  -12.106944  24.385036  7.514925
155.700000  337.600000  -9.484969  18.936960  1.070687
155.800000  297.700000  -9.487169  18.396244  1.041457
156.000000  296.000000  -9.491607  21.528738  0.910336
156.000000  83.200000  -9.491735  21.461495  1.097107
156.500000  212.600000  -7.519808  16.901057  10.513215
156.500000  86.100000  -9.505354  21.203481  1.022513
156.700000  261.900000  -9.511080  20.013529  0.975799
157.300000  250.100000  -9.524519  20.563363  1.128833
157.400000  237.500000  -9.528492  17.936800  1.225342
157.500000  33.800000  -9.530165  20.444570  0.980394
157.700000  101.300000  -9.534757  20.138466  1.031704
158.600000  66.100000  -9.554217  20.679767  1.079329
158.700000  300.900000  -9.558329  20.244731  0.898324
158.900000  116.500000  -9.561883  20.628369  0.887620
159.000000  220.800000  -9.563031  20.154039  0.958769
159.300000  56.600000  -9.570922  19.853736  0.981047
159.800000  68.200000  -9.580866  19.320968  0.969220
16.400000  193.200000  -8.928344  15.014595  10.941394
16.500000  240.400000  -9.416057  19.932749  0.883193
160.000000  119.400000  -9.584386  19.080796  1.248490
160.000000  211.600000  -9.583815  17.910151  0.982026
160.300000  121.300000  -6.656078  11.921396  16.981501
160.700000  124.500000  -9.598563  21.790675  0.963022
161.000000  341.800000  -9.603025  20.238291  1.185837
161.300000  174.700000  -9.607985  20.133252  0.967222
161.300000  277.100000  -10.789972  22.141804  10.109046
161.300000  88.500000  -9.150226  20.033633  10.898698
161.700000  278.600000  -9.615898  21.444489  0.726789
162.100000  58.800000  -9.621595  20.954256  0.857574
162.600000  61.900000  -9.630935  18.367765  1.046570
162.900000  341.000000  -7.501588  15.852753  15.808380
163.500000  91.400000  -9.643547  19.143636  0.966589
163.600000  188.900000  -9.646091  20.938002  1.030703
163.800000  344.700000  -9.648218  19.923037  0.995834
165.700000  101.200000  -9.673420  20.797237  0.889329
166.000000  334.400000  -9.677010  20.548190  1.141584
166.400000  93.100000  -9.680816  20.554545  1.031070
166.600000  59.300000  -9.682635  20.339025  0.843130
167.600000  175.900000  -9.693661  21.009821  1.071796
167.800000  316.200000  -9.694921  20.706475  1.138936
168.900000  97.900000  -9.704589  19.095542  1.096839
169.000000  331.600000  -9.705679  22.086814  0.891039
169.100000  71.000000  -9.706715  19.840781  0.881948
169.900000  268.000000  -9.712213  20.043099  1.079119
17.100000  243.300000  -8.996724  22.143736  9.772203
17.300000  169.500000  -9.415264  19.063685  1.174020
17.900000  2.700000  -9.414445  18.821478  0.944580
170.200000  192.200000  -9.714729  18.733923  1.025204
170.300000  92.300000  -9.715122  19.161913  1.027264
171.000000  334.500000  -9.720147  21.040382  0.980661
171.700000  152.700000  -9.723761  19.469122  1.149735
172.500000  168.000000  -10.284965  20.125370  10.316067
174.200000  145.800000  -9.735584  20.367033  0.932984
174.300000  210.100000  -9.735776  20.907149  0.980460
176.800000  63.600000  -9.742745  21.037702  0.977691
177.600000  204.000000  -9.744102  18.216849  0.888661
18.000000  185.300000  -9.414161  19.741349  1.131391
18.100000  145.300000  -9.413969  20.051616  1.044400
18.200000  359.200000  -9.413844  20.454564  0.871616
18.300000  37.600000  -11.529808  23.155026  5.302629
18.700000  101.400000  -9.412627  19.927040  0.989229
18.700000  152.500000  -9.412605  20.070918  1.008751
18.700000  210.900000  -9.412804  19.085345  0.966845
18.700000  58.200000  -9.412681  21.441035  0.947752
19.600000  322.100000  -6.326710  14.677669  15.600122
19.800000  102.000000  -9.409495  19.754545  1.189194
20.100000  93.400000  -9.408327  19.690020  1.024775
20.600000  311.400000  -9.406255  20.152321  0.901291
20.800000  23.600000  -9.405116  20.134869  0.940548
20.900000  219.300000  -9.404768  20.822278  1.046897
21.000000  257.200000  -9.404135  19.183396  1.046518
21.100000  54.800000  -9.403829  20.026474  1.152814
21.200000  316.600000  -9.403248  19.010254  1.047727
21.600000  298.300000  -9.401108  20.865005  1.021932
21.700000  358.900000  -9.400855  20.273271  0.840509
21.900000  354.900000  -9.399726  17.092129  0.930432
22.400000  68.100000  -9.396365  20.057330  1.124019
22.700000  269.700000  -9.394328  20.266911  0.856340
22.800000  302.300000  -9.393858  21.035496  0.833508
23.200000  81.200000  -9.390571  20.084998  1.080275
23.900000  41.100000  -9.384765  19.475641  1.133811
24.100000  27.700000  -9.383566  19.338297  1.031196
25.000000  217.800000  -9.374898  19.550130  1.071401
25.100000  252.200000  -9.373773  19.963940  0.840127
25.300000  207.700000  -9.371770  20.513108  1.226179
25.300000  76.400000  -9.372347  19.737005  1.144957
25.400000  147.400000  -9.371269  19.902831  1.001474
25.500000  23.500000  -9.369421  20.410507  1.061396
25.600000  300.900000  -9.368970  20.004088  0.962594
25.700000  284.400000  -9.367072  20.092195  0.994344
25.700000  310.700000  -9.367680  19.704156  1.030565
25.900000  261.500000  -9.365113  21.091337  1.051934
26.300000  185.000000  -9.360937  18.444894  0.970290
26.300000  198.400000  -9.361180  19.599036  1.080798
26.400000  226.600000  -9.359051  19.563145  0.959431
26.700000  289.700000  -9.356442  18.398196  1.082949
26.700000  42.400000  -9.355433  19.486569  0.750576
26.900000  123.600000  -9.353555  19.494652  0.964076
27.500000  91.800000  -9.345433  20.423749  1.019349
27.700000  187.700000  -9.343358  19.703920  1.104382
27.800000  139.500000  -9.341536  20.204672  0.899620
27.900000  269.100000  -8.881044  20.477743  14.376987
27.900000  325.000000  -9.339721  19.458745  0.868224
28.400000  195.400000  -9.333323  19.883681  0.966221
28.400000  255.800000  -9.332113  19.967678  1.130486
28.500000  19.400000  -9.331249  20.046209  1.025748
29.000000  70.200000  -9.324172  19.653577  1.043290
29.100000  259.600000  -9.143710  20.918933  11.238266
29.200000  283.400000  -9.320998  19.393178  1.022048
29.200000  331.900000  -9.320965  20.023191  0.886046
29.500000  180.700000  -9.315622  19.452339  1.123079
29.500000  281.300000  -9.315045  21.680175  0.923695
30.100000  193.200000  -9.305205  20.971282  0.808859
30.500000  185.800000  -9.298164  20.059133  1.076465
30.500000  222.100000  -9.297227  22.322734  1.077572
30.500000  224.900000  -9.298195  20.174728  1.164440
30.700000  288.400000  -9.293904  20.083616  0.910305
30.700000  74.100000  -9.294426  21.271850  0.744093
30.900000  258.800000  -9.290933  19.921743  0.952225
30.900000  310.100000  -9.289860  20.260961  1.222308
31.100000  321.000000  -9.286436  19.080494  0.992974
31.500000  202.100000  -9.279667  19.860831  0.863629
31.500000  270.300000  -9.279597  19.223677  0.744139
32.000000  175.800000  -9.269837  19.180180  1.163643
32.100000  46.500000  -11.033050  23.795643  9.400821
32.500000  233.900000  -9.259385  20.977769  0.984683
33.700000  88.400000  -9.232930  19.882006  1.016576
33.800000  277.000000  -9.854067  21.708865  15.876108
33.900000  35.700000  -9.227128  17.825520  1.069833
34.000000  84.200000  -9.226080  20.957524  1.180324
34.100000  263.700000  -9.224094  18.661244  0.990122
34.200000  246.300000  -9.221488  20.732858  1.036917
34.300000  110.900000  -7.317965  16.517455  18.425777
34.300000  320.100000  -9.219470  21.293673  0.828328
34.400000  170.200000  -9.215591  20.234139  0.775420
34.600000  46.200000  -9.210534  19.427583  1.205141
34.800000  261.900000  -9.207519  18.954623  1.072999
35.100000  59.000000  -9.199468  20.453555  1.037021
36.200000  336.200000  -9.170973  20.828566  0.942701
37.100000  105.000000  -9.146674  18.698530  0.987339
37.100000  80.000000  -4.496553  8.762006  20.337023
37.700000  306.600000  -9.132026  20.097921  0.991501
38.000000  167.400000  -9.121330  19.760804  0.955100
38.500000  188.000000  -9.108277  20.125273  1.096377
38.900000  302.700000  -9.096308  19.836707  0.869397
39.500000  157.000000  -9.079123  19.930493  1.097301
39.600000  285.400000  -9.077162  21.754730  0.838197
40.000000  23.400000  -9.063350  19.162651  0.866721
40.200000  168.800000  -5.526952  12.291270  15.174611
40.400000  133.600000  -9.052485  19.618897  0.889478
40.400000  34.600000  -9.053271  19.285935  1.101579
40.400000  340.900000  -9.050504  18.948592  1.042364
40.600000  225.200000  -9.720579  20.267814  13.309645
40.700000  110.200000  -9.042818  18.994752  0.979057
40.900000  285.300000  -9.036101  19.097058  1.231536
41.000000  48.300000  -9.034897  19.050361  0.928756
41.000000  66.900000  -9.033715  18.831385  1.083754
41.000000  85.500000  -9.034503  19.765672  0.942267
41.400000  93.000000  -5.579405  12.700816  15.097299
41.500000  150.000000  -9.019275  19.736314  1.068843
41.600000  196.200000  -9.015683  19.982989  1.007513
41.600000  282.000000  -9.016351  19.503680  0.931380
41.800000  333.400000  -9.007339  20.236926  1.028129
42.000000  182.400000  -9.002529  19.738626  1.087448
42.100000  26.300000  -8.878585  17.836949  14.887182
42.500000  344.000000  -8.986050  20.969749  1.052207
42.700000  243.700000  -8.980454  20.616850  1.058023
42.800000  176.700000  -8.975781  19.759091  1.154172
43.000000  211.000000  -8.970596  20.654203  1.015265
43.400000  127.200000  -8.957865  18.849880  0.893824
43.500000  308.500000  -8.954548  19.914394  1.029827
43.700000  271.800000  -8.945821  22.060496  0.992069
44.100000  97.700000  -8.932799  20.519872  1.169506
44.200000  256.700000  -8.930965  19.172273  1.005874
44.300000  357.700000  -8.926055  20.376508  1.015605
44.300000  6.100000  -8.927680  19.083079  1.021318
44.400000  216.400000  -8.922898  21.752570  0.933331
44.400000  58.200000  -8.922716  21.679447  0.869237
44.700000  134.800000  -8.915689  20.369827  1.063681
44.700000  255.800000  -8.915384  18.608047  1.018187
44.800000  175.400000  -12.279463  27.922247  11.928267
45.000000  160.400000  -8.904210  19.735072  1.094070
45.300000  153.900000  -8.893355  21.940318  0.930572
45.800000  128.700000  -8.878893  18.212572  1.051934
45.800000  241.600000  -8.877178  22.001946  1.084686
45.900000  111.300000  -8.873023  19.785527  1.079866
46.000000  246.700000  -8.869443  19.845467  0.917199
46.600000  177.500000  -8.849162  19.473762  1.005473
46.700000  21.500000  -8.846133  19.589428  1.025030
47.100000  69.900000  -10.074107  19.811278  11.799982
47.600000  287.000000  -8.815175  19.894503  1.077068
47.700000  280.100000  -8.813147  21.588950  0.999669
47.800000  90.500000  -8.810919  21.075638  0.852393
48.000000  334.300000  -8.804233  19.543795  1.135792
48.300000  203.100000  -8.792352  21.488012  1.029559
48.400000  198.200000  -8.789678  19.554349  1.104688
48.500000  127.000000  -8.787650  19.147216  1.116437
48.500000  255.500000  -8.785793  19.069705  1.020485
48.600000  166.600000  -8.784133  17.771613  1.111277
48.900000  260.200000  -8.774189  20.229031  1.150076
49.000000  60.200000  -8.770923  21.079376  1.017970
49.200000  300.500000  -8.763987  19.764097  0.988691
49.300000  38.200000  -8.759673  20.482083  0.955292
49.600000  315.900000  -8.749248  20.849689  0.902298
49.600000  334.800000  -8.750360  20.839750  1.050508
5.800000  179.300000  -9.400376  19.470659  1.219256
5.800000  347.800000  -9.400466  19.734646  0.916644
50.000000  242.500000  -8.734347  19.603605  1.034743
50.100000  178.600000  -8.733371  20.518582  0.916713
50.100000  52.500000  -8.733143  19.794074  0.976611
50.400000  351.900000  -10.969603  23.049828  10.833741
50.800000  300.900000  -8.709191  18.315833  0.957965
50.900000  236.600000  -8.705164  20.108663  0.999552
51.000000  168.700000  -8.703701  19.620213  0.963232
51.700000  216.100000  -8.679184  20.193977  1.008100
51.900000  159.400000  -7.796060  16.091864  15.951801
51.900000  209.500000  -8.673943  20.869776  1.089645
51.900000  38.100000  -8.672819  19.409408  0.978803
52.000000  295.600000  -8.669380  19.276064  1.085072
52.100000  224.200000  -8.664612  20.321571  0.981494
52.800000  281.900000  -8.642429  20.761970  0.920597
52.800000  284.600000  -8.642526  21.092576  0.985929
52.800000  353.900000  -8.643600  19.328887  0.868398
53.400000  153.100000  -8.622560  20.094447  1.126624
53.600000  135.900000  -8.616608  20.360116  1.075175
54.200000  273.700000  -8.598905  20.156110  1.206077
54.300000  121.700000  -8.593657  20.526893  0.838093
54.400000  289.400000  -8.591045  19.358723  1.026738
54.600000  109.400000  -6.171049  15.000737  16.657112
54.900000  156.100000  -8.577197  20.092681  1.146427
55.300000  321.100000  -8.563431  20.142517  0.859470
55.500000  277.200000  -8.556883  20.468149  1.045745
55.500000  66.700000  -8.558059  19.754076  0.955257
55.700000  90.400000  -8.552448  18.960523  0.965900
55.900000  6.800000  -8.545757  20.620127  0.983818
55.900000  61.200000  -8.546948  19.247061  0.781984
56.000000  29.400000  -8.543312  19.255514  1.055675
56.100000  0.600000  -8.540145  20.479980  0.803960
56.200000  113.600000  -11.238772  24.388518  8.996565
56.300000  4.600000  -8.532946  18.995130  1.065631
56.400000  252.400000  -8.531904  21.784164  0.867611
57.000000  5.500000  -8.513858  20.477780  1.137154
57.300000  234.800000  -8.502719  19.849377  0.903050
57.400000  320.300000  -8.500177  21.324948  1.025433
57.800000  23.500000  -8.490735  19.518760  0.895796
58.000000  126.000000  -8.484528  20.079886  0.993050
58.200000  132.400000  -8.477553  22.100328  1.068664
58.200000  341.500000  -8.478609  20.813499  1.111105
58.400000  175.300000  -8.473374  19.522807  1.097106
58.500000  306.800000  -8.470604  19.222834  1.114535
58.800000  214.600000  -8.461611  19.171742  0.896915
59.300000  340.400000  -8.448616  19.898222  0.946960
59.400000  224.500000  -8.445913  19.663826  1.005585
59.700000  274.700000  -8.437175  21.300282  1.001594
59.800000  324.000000  -8.434077  19.445880  0.993370
6.100000  42.400000  -8.259102  16.584778  16.112936
6.400000  174.400000  -9.401532  19.982712  1.112060
60.100000  112.000000  -8.425370  19.321562  0.948807
60.100000  305.500000  -8.427124  20.651292  1.056570
60.200000  208.000000  -8.424329  20.338435  0.885798
60.300000  211.500000  -8.420817  21.036145  0.984905
60.600000  305.800000  -8.411870  21.216342  1.058374
60.800000  234.500000  -8.407850  19.530651  0.893822
60.800000  267.000000  -8.408590  17.772446  0.956522
60.800000  271.500000  -8.407860  20.329979  1.329129
61.000000  188.300000  -8.403284  19.494705  1.059703
61.100000  305.000000  -8.399903  17.158704  1.084205
61.400000  190.400000  -8.391488  20.529386  0.950688
61.500000  125.200000  -8.390528  21.002193  0.816069
61.500000  272.100000  -8.391119  19.670544  1.091800
61.600000  146.500000  -8.387347  19.873255  0.910444
61.700000  131.400000  -9.879758  22.595480  11.207091
62.000000  177.100000  -8.377057  17.692155  0.876745
62.000000  349.900000  -8.377103  20.122701  1.009178
62.100000  183.100000  -8.375180  19.849052  0.862733
62.300000  46.400000  -8.370260  19.140637  0.931089
62.400000  321.600000  -8.369258  18.552343  1.079514
62.500000  148.600000  -8.364914  20.125545  1.076575
62.500000  267.300000  -8.364569  19.547021  1.078424
62.600000  122.400000  -8.362166  20.437228  1.019238
62.600000  20.100000  -8.363451  18.783494  0.943246
62.600000  267.900000  -6.742936  16.916883  21.446971
62.800000  184.900000  -8.359013  19.169247  0.968796
62.800000  341.400000  -8.357944  20.843117  1.008548
63.000000  246.400000  -8.354490  19.318396  1.072467
63.400000  94.200000  -8.344450  18.838959  0.885227
63.500000  115.700000  -8.342066  19.721778  0.880076
63.600000  182.800000  -8.339827  20.274381  0.833715
63.800000  25.600000  -11.449805  26.422264  7.236102
63.800000  34.900000  -7.735827  17.118087  11.795523
63.900000  49.400000  -8.333196  21.577067  1.013528
64.100000  36.500000  -8.329226  19.365970  1.046564
64.200000  102.300000  -8.326251  19.905919  1.045823
64.200000  325.500000  -8.327244  19.618427  1.069898
64.300000  357.600000  -8.323662  20.701585  1.054093
64.400000  29.900000  -8.322752  20.992506  0.879924
64.400000  54.100000  -8.322290  21.165151  0.960511
64.500000  46.000000  -8.154966  18.641599  15.682201
64.500000  74.300000  -8.320547  19.039764  1.165384
64.700000  175.600000  -9.401529  20.556290  12.238293
64.700000  179.200000  -8.315140  18.594418  1.010439
64.900000  41.000000  -8.310648  20.462200  0.900156
64.900000  72.600000  -8.311468  19.626913  0.988077
65.200000  26.000000  -8.305070  19.094838  1.075882
65.200000  79.700000  -8.304868  22.367338  1.038300
65.400000  127.100000  -8.299976  20.528713  0.953511
65.600000  84.000000  -9.337522  20.284481  13.700416
65.700000  352.500000  -8.293970  21.184818  1.071293
65.800000  30.100000  -9.627716  21.973882  11.326928
65.900000  120.800000  -8.290698  20.100654  0.841849
65.900000  278.100000  -8.290158  18.536660  1.132304
66.200000  93.600000  -8.284290  20.590132  1.133074
66.300000  186.300000  -8.283422  22.282201  0.838193
66.600000  172.400000  -8.276970  20.135799  0.925581
66.700000  267.200000  -8.274336  19.775573  0.974129
66.700000  305.100000  -8.274555  19.957387  0.998840
66.700000  67.800000  -8.275504  20.226578  0.939506
66.900000  15.300000  -8.270270  19.576792  1.027363
66.900000  166.600000  -8.271523  18.846955  0.961661
66.900000  202.200000  -8.270039  18.760295  0.990061
67.000000  149.200000  -8.268681  21.798869  0.963953
67.200000  151.400000  -8.264472  21.207062  1.016657
67.300000  210.600000  -8.041367  20.396927  11.978267
67.400000  310.100000  -8.262101  21.113299  0.979149
67.600000  269.800000  -8.258312  19.828364  1.006200
67.700000  177.200000  -8.256036  19.356822  0.795759
67.800000  20.500000  -8.253844  21.546160  1.001200
68.000000  255.800000  -8.250975  20.326616  1.021947
68.100000  153.000000  -8.772352  22.649867  14.914908
68.100000  48.700000  -9.624036  22.779816  8.232654
68.200000  237.000000  -8.245850  20.125134  1.145752
68.600000  219.900000  -8.239768  19.811935  0.946396
68.600000  74.600000  -8.238627  20.681750  0.923955
68.800000  316.100000  -8.235056  18.946893  1.066071
69.100000  295.900000  -8.231440  20.897177  1.047799
69.100000  309.600000  -8.229898  19.337686  1.008878
69.100000  332.400000  -8.230127  19.916144  1.135610
69.200000  230.700000  -8.229380  19.747658  0.957333
69.300000  271.600000  -8.226782  21.402069  0.927532
69.400000  291.600000  -8.225271  17.550327  1.189498
69.500000  179.100000  -7.818405  21.304267  14.716108
69.500000  289.100000  -8.223436  19.415766  0.929680
69.600000  290.800000  -8.221969  18.878221  0.856573
69.700000  136.300000  -8.220696  20.555786  1.234547
69.900000  131.800000  -8.217293  19.998981  1.022904
7.200000  115.800000  -9.403143  17.766342  1.230985
7.800000  339.700000  -9.404469  19.068862  0.960919
70.000000  83.500000  -8.214844  19.993665  1.076115
70.100000  226.300000  -8.214237  21.599623  1.072252
70.200000  149.100000  -8.212748  22.507246  0.932069
70.300000  246.600000  -8.210506  20.451578  0.989755
70.400000  154.800000  -8.208866  20.917609  1.033287
70.500000  73.000000  -8.207021  18.683194  0.835415
70.800000  15.100000  -8.203521  19.727871  0.969449
71.300000  216.800000  -8.194628  18.745941  0.926830
71.400000  118.400000  -8.194064  18.787284  0.934380
71.400000  203.400000  -6.988323  18.148367  16.390407
71.500000  60.400000  -8.192374  20.764997  0.985589
71.800000  100.500000  -8.187917  17.786462  1.057643
72.000000  156.500000  -8.183957  20.711347  1.016088
72.000000  316.900000  -8.185181  20.570517  0.929551
72.100000  171.300000  -8.183355  19.438839  1.020386
72.200000  316.400000  -8.182034  18.054108  1.094105
72.400000  146.200000  -8.179401  16.792816  0.996990
72.700000  237.100000  -8.174852  18.318398  0.961835
72.800000  250.700000  -8.173191  21.596364  0.893168
73.600000  49.800000  -7.954155  19.802046  14.165603
73.600000  53.600000  -8.161477  21.127737  0.991973
73.800000  242.300000  -8.159561  19.637727  1.026727
73.900000  267.900000  -6.132250  18.413419  22.085734
74.100000  226.100000  -8.155323  18.906531  0.925532
74.200000  193.700000  -8.153472  21.778631  0.836923
74.300000  100.200000  -5.530137  16.246447  16.898718
74.300000  345.800000  -8.152764  20.237595  0.895074
74.300000  79.800000  -6.439345  19.345398  9.205539
74.300000  9.300000  -8.152569  19.173972  1.097234
74.600000  18.200000  -8.148962  20.778452  0.830078
74.700000  13.300000  -8.147007  18.818524  1.117120
74.900000  134.900000  -8.951057  20.618909  11.947081
74.900000  213.700000  -8.145422  20.532646  1.153539
74.900000  7.600000  -12.665449  29.586990  8.971148
75.000000  304.200000  -8.144249  19.611705  0.947020
75.000000  327.300000  -4.958750  12.498837  15.463630
75.200000  307.100000  -8.140995  19.996849  0.877770
75.400000  101.800000  -10.766889  26.975286  10.003150
75.400000  243.600000  -8.139066  20.947111  1.017179
75.400000  27.100000  -8.138206  19.717858  1.080169
75.600000  189.500000  -8.136736  20.488912  1.065254
75.700000  12.200000  -8.835724  20.368806  11.181035
75.800000  215.800000  -11.629316  27.701170  7.960175
75.800000  86.100000  -8.133843  20.480757  1.008662
76.100000  23.700000  -8.130474  21.279438  0.878945
76.200000  230.100000  -8.129390  20.076563  1.068974
76.200000  284.200000  -8.129403  18.734488  1.062811
76.300000  256.700000  -8.127517  21.263555  1.172748
76.500000  316.800000  -8.125596  18.799876  1.064549
76.700000  265.200000  -8.123089  19.467295  0.823454
76.800000  118.100000  -8.122290  20.974009  0.910200
76.800000  159.800000  -8.122201  20.038937  0.888601
76.900000  343.900000  -8.120804  18.644885  0.708561
77.100000  312.900000  -11.331254  25.847468  12.137879
77.100000  69.100000  -8.118215  19.357826  1.020959
77.300000  2.200000  -8.116303  19.412110  1.203540
77.300000  233.300000  -8.676755  21.255575  8.961822
77.400000  151.600000  -8.115224  19.185132  0.964498
77.500000  333.400000  -8.113884  21.430358  1.027685
77.500000  340.300000  -8.113661  20.445316  0.793868
77.500000  85.400000  -8.114374  20.807217  1.065186
77.600000  333.100000  -8.112997  20.369318  0.819333
77.700000  236.000000  -8.111403  20.708519  0.959635
77.700000  254.300000  -8.112163  19.197665  1.044308
77.800000  294.600000  -8.110503  19.444969  1.138256
77.800000  76.100000  -8.110783  19.744856  1.018901
78.200000  36.900000  -8.105538  21.014066  1.009279
78.700000  132.300000  -8.100320  21.313492  1.199594
78.700000  222.300000  -8.100347  20.669016  1.057945
78.800000  2.700000  -8.099260  19.923518  0.968505
78.800000  228.100000  -5.962997  17.123669  18.878180
78.800000  311.600000  -8.099806  21.523228  1.139645
78.900000  291.100000  -6.009385  16.008595  16.442397
78.900000  30.700000  -8.098793  19.141405  0.948911
78.900000  77.600000  -8.098523  19.948712  0.984982
79.300000  188.000000  -9.656660  22.996553  14.387277
79.300000  220.400000  -8.094033  20.074850  1.145376
79.300000  354.600000  -8.093601  19.829397  1.065788
79.400000  102.900000  -8.093415  18.280091  1.022431
79.600000  169.900000  -8.606586  20.364333  14.666798
79.600000  262.000000  -8.090861  22.106934  0.968524
79.800000  105.400000  -8.089163  19.560402  0.897627
79.800000  306.400000  -8.088801  22.023795  0.988495
79.900000  152.700000  -8.087722  19.687375  0.925958
79.900000  273.700000  -8.088208  19.450378  0.923189
79.900000  314.200000  -8.087673  19.238341  0.969364
8.100000  78.800000  -9.404953  20.504793  0.897731
80.200000  22.500000  -8.084914  18.523313  0.872851
80.200000  30.800000  -8.084322  19.959314  0.924678
80.500000  143.300000  -8.081530  21.133395  0.944866
80.500000  151.700000  -8.081417  19.273897  0.982354
80.600000  7.000000  -8.080915  20.871354  1.044510
80.700000  31.000000  -8.079008  20.166144  1.032639
80.800000  176.300000  -8.078296  20.071049  0.804758
81.100000  183.300000  -8.075752  20.891720  0.892710
81.100000  249.300000  -8.075044  18.865623  0.746782
81.100000  277.300000  -8.075627  21.103432  0.905651
81.100000  319.600000  -8.075469  19.380512  0.945014
81.200000  170.100000  -8.074095  22.045591  1.078088
81.200000  238.300000  -9.325528  22.299250  12.769570
81.500000  200.000000  -8.071243  23.185673  1.087219
81.500000  229.600000  -8.070957  20.655545  0.928193
81.500000  96.900000  -8.071232  16.981770  1.010842
81.600000  203.800000  -8.069840  19.623257  0.949100
81.800000  116.800000  -8.068191  20.184912  1.099319
81.800000  24.100000  -8.068033  19.550515  1.018538
82.100000  150.900000  -8.064906  20.252382  0.923014
82.100000  269.900000  -8.065330  19.294637  1.246689
82.200000  158.900000  -8.063891  19.986351  0.972829
82.200000  55.200000  -8.064315  21.262441  0.932501
82.400000  131.500000  -8.062105  19.482476  0.872238
82.400000  25.100000  -8.061775  21.506117  0.944315
82.500000  201.100000  -9.929324  24.238692  12.760592
82.600000  212.900000  -7.017982  16.978683  12.774005
82.900000  107.500000  -8.056831  20.185270  0.862138
82.900000  131.900000  -8.056916  19.601492  1.090636
82.900000  34.000000  -8.057707  20.018140  0.940019
83.000000  85.800000  -8.055789  21.637798  1.135934
83.100000  183.300000  -8.055264  19.829835  1.115234
83.100000  202.300000  -8.054810  20.913664  0.933105
83.100000  347.400000  -9.288591  20.519295  14.227753
83.200000  308.500000  -8.054132  18.486197  1.163944
83.600000  34.100000  -8.050065  19.262967  0.951910
83.700000  122.200000  -8.049773  19.935784  0.990867
83.700000  272.700000  -8.049375  18.876994  1.092581
83.800000  195.400000  -8.048219  19.161163  1.035422
83.800000  224.100000  -8.048302  21.386167  0.863475
83.900000  188.900000  -8.047307  18.900821  0.963745
84.000000  338.100000  -8.046584  19.834295  1.006383
84.000000  6.300000  -8.046120  20.339786  1.005794
84.200000  257.200000  -8.044137  20.667577  0.918868
84.300000  134.100000  -8.044032  19.547204  0.997706
84.300000  166.100000  -8.043143  17.959053  0.997653
84.300000  260.100000  -8.043199  21.197280  1.019956
84.300000  38.200000  -8.043175  20.039302  0.893392
84.300000  99.600000  -8.043808  19.521426  0.801647
84.400000  180.100000  -5.116941  16.458699  14.816756
84.400000  265.400000  -8.042695  19.186877  1.030033
84.400000  318.000000  -8.043071  19.447940  1.109092
84.500000  152.200000  -8.041724  19.537171  0.986996
84.700000  327.500000  -8.039892  21.479519  0.933085
84.800000  153.200000  -8.039181  19.199513  1.121492
84.800000  179.300000  -8.039185  21.791739  1.001298
84.800000  282.300000  -8.039086  20.505608  1.047109
84.900000  8.900000  -8.037628  21.590987  1.074589
85.000000  134.700000  -8.036955  19.932394  1.224620
85.200000  14.100000  -10.280900  24.691227  9.887101
85.200000  152.100000  -8.034467  19.725968  1.012035
85.200000  62.400000  -8.034984  20.167732  0.875034
85.300000  155.700000  -8.034402  19.978824  0.917550
85.300000  202.200000  -8.033554  19.229148  0.859724
85.800000  214.800000  -8.029143  20.405620  1.210848
85.800000  248.200000  -8.028960  20.105429  0.974378
85.800000  251.400000  -8.029021  20.269652  1.098981
86.000000  255.000000  -8.027354  19.402582  1.084880
86.100000  111.000000  -8.026779  20.271254  1.054230
86.100000  118.600000  -8.026637  19.470000  1.027446
86.100000  218.500000  -8.025853  21.233585  0.949949
86.200000  41.800000  -8.025553  20.572957  0.903955
86.400000  21.000000  -8.023720  21.085374  0.856306
86.600000  211.400000  -8.021761  19.668689  1.076600
86.600000  78.800000  -8.021530  20.838625  1.087447
86.900000  156.800000  -8.018961  19.903896  1.183776
87.300000  299.000000  -8.014938  19.921659  1.218266
87.300000  52.800000  -8.014628  19.504249  0.955609
87.400000  232.300000  -8.013695  19.823831  0.962375
87.500000  111.800000  -8.013265  21.704367  0.931459
87.500000  95.300000  -8.012777  19.063366  0.706153
87.700000  258.600000  -8.011212  18.768825  1.187310
88.300000  344.100000  -8.006027  20.648507  0.922437
88.400000  99.600000  -11.781285  26.932214  7.219045
88.500000  291.500000  -8.003517  20.833474  0.826828
88.800000  295.300000  -8.000528  20.709319  0.969754
88.900000  343.700000  -7.999650  20.309657  0.875093
89.000000  282.500000  -9.839716  24.026112  12.968624
89.000000  96.300000  -7.998956  20.520327  0.922190
89.200000  111.900000  -7.997027  19.273280  0.880113
89.200000  171.300000  -7.997432  19.283082  1.061893
89.400000  233.900000  -9.773670  22.251891  14.705031
89.500000  101.400000  -7.994574  18.074732  1.077060
89.600000  211.600000  -7.993860  18.785863  0.883433
89.700000  21.600000  -7.992531  19.061631  0.918885
89.800000  57.500000  -7.991570  20.883123  1.077818
89.900000  204.100000  -7.990274  20.213200  1.104828
89.900000  249.500000  -7.990412  19.387012  0.875473
90.100000  324.100000  -7.989221  21.282332  0.967505
90.200000  227.100000  -7.987930  19.967826  1.071087
90.300000  161.200000  -7.987423  19.698195  1.111120
90.400000  288.000000  -8.330588  22.303654  11.348351
90.500000  208.700000  -7.985267  19.513382  1.071583
90.500000  217.700000  -7.985012  19.050887  1.081420
90.700000  261.100000  -7.983341  19.028132  1.146789
90.800000  259.700000  -7.982224  19.878183  1.088662
90.900000  289.700000  -7.981264  18.654147  1.021692
91.200000  102.500000  -7.978991  20.212809  1.040594
91.400000  118.200000  -7.976872  21.579293  0.929711
91.500000  150.900000  -7.976109  19.207512  1.036831
91.500000  19.300000  -7.975749  20.190227  1.160963
91.600000  83.700000  -7.975208  20.136354  1.249644
91.700000  62.300000  -4.515927  11.330363  18.210154
91.900000  192.600000  -7.972157  21.696846  1.021205
92.100000  326.100000  -7.971198  20.212455  0.895028
92.200000  226.900000  -7.969713  19.211016  1.008534
92.300000  121.500000  -7.968925  19.276446  0.893238
92.300000  180.200000  -7.969412  18.350761  1.041224
92.400000  321.600000  -7.968314  20.461251  0.862152
92.400000  357.500000  -7.968336  21.590493  1.070314
92.600000  118.400000  -7.966280  20.250034  1.067435
92.700000  10.200000  -7.965329  19.625386  0.922782
92.700000  139.000000  -7.965629  20.318244  0.792641
92.700000  199.400000  -6.987153  20.841368  13.382745
92.700000  357.900000  -7.965152  20.801575  1.098139
92.800000  321.400000  -7.964346  19.100543  1.162485
92.900000  5.100000  -10.298506  24.837897  14.556310
93.100000  134.300000  -7.962291  19.181825  1.006674
93.100000  192.800000  -4.764375  10.250070  21.457813
93.100000  195.900000  -7.961850  17.962817  0.943057
93.200000  143.800000  -7.961518  20.762692  0.970221
93.600000  175.900000  -7.957304  20.286280  0.997266
93.900000  220.200000  -7.954960  21.879431  1.116423
93.900000  67.300000  -7.955298  20.810431  1.125260
94.000000  154.300000  -7.954127  19.669940  0.986753
94.000000  181.400000  -7.954645  21.059377  1.186490
94.200000  248.300000  -7.952284  20.708850  0.871743
94.300000  274.300000  -7.951783  21.585135  1.260379
94.400000  71.400000  -7.950830  19.834177  1.055224
94.800000  11.100000  -7.947448  20.885646  0.950959
94.800000  246.700000  -7.947748  21.414643  0.880524
94.800000  334.900000  -7.947665  20.044434  0.742035
94.900000  223.900000  -8.623545  21.653118  11.402905
95.000000  48.300000  -8.680103  20.670678  12.304809
95.200000  60.900000  -7.944504  19.975731  0.978123
95.300000  92.700000  -7.943851  21.221505  0.931766
95.400000  198.700000  -7.942916  21.233900  1.119997
95.700000  260.500000  -7.939944  21.964656  0.851939
95.800000  183.200000  -7.939143  19.676243  1.024713
95.800000  63.200000  -7.939633  20.424464  0.910283
96.000000  225.400000  -7.937981  19.033201  0.980488
96.000000  46.200000  -7.937677  20.631888  0.932626
96.400000  245.000000  -7.934547  20.057166  0.949204
96.400000  63.500000  -7.935120  20.206094  0.939237
96.500000  64.200000  -7.934341  19.480744  1.004288
96.700000  156.500000  -7.932577  19.371848  0.844259
96.700000  236.000000  -7.932872  20.773016  1.156492
96.900000  83.000000  -7.930837  19.413189  0.803469
97.100000  244.600000  -7.929356  20.033771  0.965329
97.300000  141.500000  -7.928232  19.632236  0.815357
97.300000  277.500000  -7.927968  19.528961  0.903141
97.500000  87.100000  -7.926466  19.463465  1.295703
97.700000  314.000000  -7.925165  18.793197  1.026070
98.000000  354.000000  -7.923611  19.403477  0.890289
98.100000  84.000000  -7.922902  20.445992  1.107318
98.200000  207.600000  -7.922301  20.484303  0.997697
98.300000  120.600000  -7.921091  20.347512  1.041365
98.300000  217.600000  -7.921606  19.899955  1.111404
98.300000  32.000000  -7.921122  18.919687  1.110745
98.400000  243.200000  -7.920953  18.539957  1.071826
98.500000  77.700000  -7.920194  19.817131  0.960781
99.000000  287.400000  -7.916999  19.935759  1.114935
99.200000  141.800000  -7.915447  19.137461  0.940487
99.200000  159.900000  -7.915847  18.279428  13.890922
99.200000  253.800000  -7.915863  19.098639  1.006789
99.800000  22.200000  -7.912012  19.031293  1.023162
99.900000  51.500000  -7.911805  21.134680  1.029772
